Month,Payment,Interest,Principal,Remaining Balance
1,200.0,152.34,47.66,1152.34
2,200.0,146.29,53.71,1098.62
3,200.0,139.47,60.53,1038.09
4,200.0,131.78,68.22,969.87
5,200.0,123.12,76.88,892.99
6,200.0,113.36,86.64,806.35
7,200.0,102.36,97.64,708.72
8,200.0,89.97,110.03,598.69
9,200.0,76.0,124.0,474.69
10,200.0,60.26,139.74,334.95
11,200.0,42.52,157.48,177.47
12,200.0,22.53,177.47,0.0
TOTAL,2400.0,1200.0,1200.0,
