Month,Payment,Interest,Principal,Remaining Balance
1,1350.0,180.65,1169.35,13830.65
2,1350.0,166.57,1183.43,12647.22
3,1350.0,152.32,1197.68,11449.54
4,1350.0,137.89,1212.11,10237.43
5,1350.0,123.29,1226.71,9010.72
6,1350.0,108.52,1241.48,7769.24
7,1350.0,93.57,1256.43,6512.81
8,1350.0,78.44,1271.56,5241.25
9,1350.0,63.12,1286.88,3954.37
10,1350.0,47.62,1302.38,2652.0
11,1350.0,31.94,1318.06,1333.93
12,1350.0,16.07,1333.93,0.0
TOTAL,16200.0,1200.0,15000.0,
