Month,Payment,Interest,Principal,Remaining Balance
1,300.0,152.76,147.24,2352.76
2,300.0,143.76,156.24,2196.52
3,300.0,134.22,165.78,2030.74
4,300.0,124.09,175.91,1854.83
5,300.0,113.34,186.66,1668.16
6,300.0,101.93,198.07,1470.09
7,300.0,89.83,210.17,1259.92
8,300.0,76.99,223.01,1036.91
9,300.0,63.36,236.64,800.27
10,300.0,48.9,251.1,549.17
11,300.0,33.56,266.44,282.72
12,300.0,17.28,282.72,0.0
